 ih2        1.0000000000000000     
 ebeam      8000.0000000000000     
 irapgap    0.0000000000000000     
 etagap     2.0000000000000000     
 etajmax    5.0000000000000000     
 njets      1.0000000000000000     
 ptjmin     10.000000000000000     
 drjmin    0.29999999999999999     
 ickkw      1.0000000000000000     
 mllmin     50.000000000000000     
 mllmax     3000.0000000000000     
 eoi           1

  a-priori weights for variable n.   1

  1      0.221260736D+00
  2      0.191044613D+00
  3      0.147768945D+00
  4      0.154725450D+00
  5      0.147063218D+00
  6      0.138137038D+00

  a-priori weights for variable n.   2

  1      0.850949878D+00
  2      0.610720106D-01
  3      0.167035436D-01
  4      0.111121953D-01
  5      0.101401691D-01
  6      0.100198217D-01
  7      0.100022618D-01
  8      0.100001189D-01
  9      0.100000008D-01
 10      0.100000000D-01

  a-priori weights for variable n.   3

  1      0.150836567D+00
  2      0.101141311D+00
  3      0.661615946D-01
  4      0.634638743D-01
  5      0.812008391D-01
  6      0.116433402D+00
  7      0.541607487D-01
  8      0.745122718D-01
  9      0.785512729D-01
 10      0.213538119D+00

  a-priori weights for variable n.   4

  1      0.129901680D+00
  2      0.930540174D-01
  3      0.669558387D-01
  4      0.642312698D-01
  5      0.679208217D-01
  6      0.491249710D-01
  7      0.800933258D-01
  8      0.754764664D-01
  9      0.474355781D-01
 10      0.325806031D+00

  a-priori weights for variable n.   5

  1      0.143789787D+00
  2      0.852186096D-01
  3      0.620563526D-01
  4      0.602714419D-01
  5      0.716493267D-01
  6      0.546399140D-01
  7      0.879278564D-01
  8      0.714707912D-01
  9      0.219864883D+00
 10      0.143111038D+00

  a-priori weights for variable n.   6

  1      0.702016732D-01
  2      0.124221692D+00
  3      0.163830867D+00
  4      0.746445045D-01
  5      0.890240749D-01
  6      0.109813366D+00
  7      0.964317566D-01
  8      0.874760768D-01
  9      0.103945845D+00
 10      0.804101436D-01

  a-priori weights for variable n.   7

  1      0.100000000D+00
  2      0.100000000D+00
  3      0.100000000D+00
  4      0.100000000D+00
  5      0.100000000D+00
  6      0.100000000D+00
  7      0.100000000D+00
  8      0.100000000D+00
  9      0.100000000D+00
 10      0.100000000D+00

  a-priori weights for variable n.   8

  1      0.100000000D+00
  2      0.100000000D+00
  3      0.100000000D+00
  4      0.100000000D+00
  5      0.100000000D+00
  6      0.100000000D+00
  7      0.100000000D+00
  8      0.100000000D+00
  9      0.100000000D+00
 10      0.100000000D+00

  a-priori weights for variable n.   9

  1      0.100000000D+00
  2      0.100000000D+00
  3      0.100000000D+00
  4      0.100000000D+00
  5      0.100000000D+00
  6      0.100000000D+00
  7      0.100000000D+00
  8      0.100000000D+00
  9      0.100000000D+00
 10      0.100000000D+00

  a-priori weights for variable n.  10

  1      0.100000000D+00
  2      0.100000000D+00
  3      0.100000000D+00
  4      0.100000000D+00
  5      0.100000000D+00
  6      0.100000000D+00
  7      0.100000000D+00
  8      0.100000000D+00
  9      0.100000000D+00
 10      0.100000000D+00

  a-priori weights for variable n.  11

  1      0.100000000D+00
  2      0.100000000D+00
  3      0.100000000D+00
  4      0.100000000D+00
  5      0.100000000D+00
  6      0.100000000D+00
  7      0.100000000D+00
  8      0.100000000D+00
  9      0.100000000D+00
 10      0.100000000D+00

  a-priori weights for variable n.  12

  1      0.747115818D+00
  2      0.151294779D+00
  3      0.277271939D-01
  4      0.135046510D-01
  5      0.103094852D-01
  6      0.100455864D-01
  7      0.100024089D-01
  8      0.100000764D-01
  9      0.100000013D-01
 10      0.100000000D-01

  a-priori weights for variable n.  13

  1      0.236122065D+00
  2      0.177286815D+00
  3      0.136333092D+00
  4      0.112908749D+00
  5      0.863160837D-01
  6      0.619418956D-01
  7      0.467003591D-01
  8      0.667379941D-01
  9      0.490965049D-01
 10      0.265564414D-01

  a-priori weights for variable n.  14

  1      0.111186495D+00
  2      0.966572587D-01
  3      0.675372049D-01
  4      0.599896344D-01
  5      0.576084429D-01
  6      0.854829675D-01
  7      0.127437701D+00
  8      0.856646425D-01
  9      0.934813005D-01
 10      0.214954352D+00

  a-priori weights for variable n.  15

  1      0.130502662D+00
  2      0.873544007D-01
  3      0.119920755D+00
  4      0.855636529D-01
  5      0.584750306D-01
  6      0.946323188D-01
  7      0.106100589D+00
  8      0.865410971D-01
  9      0.911796622D-01
 10      0.139729831D+00

  a-priori weights for variable n.  16

  1      0.104494385D+00
  2      0.129895856D+00
  3      0.728439711D-01
  4      0.124328370D+00
  5      0.732107455D-01
  6      0.118803536D+00
  7      0.918978782D-01
  8      0.708562536D-01
  9      0.779273973D-01
 10      0.135741607D+00

  a-priori weights for variable n.  17

  1      0.733734734D+00
  2      0.157644241D+00
  3      0.345087373D-01
  4      0.136429661D-01
  5      0.104190647D-01
  6      0.100436835D-01
  7      0.100064857D-01
  8      0.100000878D-01
  9      0.100000004D-01
 10      0.100000000D-01

  a-priori weights for variable n.  18

  1      0.282737838D-01
  2      0.426002187D-01
  3      0.834894855D-01
  4      0.452670206D-01
  5      0.935741219D-01
  6      0.805617017D-01
  7      0.110848033D+00
  8      0.129020063D+00
  9      0.160755005D+00
 10      0.225610567D+00

  a-priori weights for variable n.  19

  1      0.185828127D+00
  2      0.165174004D+00
  3      0.102198129D+00
  4      0.115511172D+00
  5      0.577511153D-01
  6      0.861776556D-01
  7      0.353857269D-01
  8      0.633429371D-01
  9      0.867574745D-01
 10      0.101873658D+00

  a-priori weights for variable n.  20

  1      0.104764949D+00
  2      0.103322807D+00
  3      0.752817301D-01
  4      0.761191825D-01
  5      0.673283674D-01
  6      0.758063356D-01
  7      0.111841294D+00
  8      0.151147509D+00
  9      0.973981366D-01
 10      0.136989689D+00

  a-priori weights for variable n.  21

  1      0.119700496D+00
  2      0.823078030D-01
  3      0.113249823D+00
  4      0.134252438D+00
  5      0.101378934D+00
  6      0.118477486D+00
  7      0.901207077D-01
  8      0.650782134D-01
  9      0.985503907D-01
 10      0.768837090D-01

  totalmax and tmpfac

     0.150012190D+06     0.100000000D+03
 number wgted evts in the file,  sigma(pb), error(pb),  maxwgt
       472322.0 0.146515E+04 0.292840E+01 0.173491E+07
 number weights
  0.5000E+07
0.208930E+06 0.158489E+06 0.131826E+06 0.120226E+06 0.109648E+06
